title:Tina
description:Stasis Sidearm

// Tinasha's Mastery - Tinasha's Mastery (pve)
//notes: chill clip tags:pve
dimwishlist:item=480368036&perks=1441682018,3492396210,1421772400,2978966579
dimwishlist:item=480368036&perks=1441682018,3492396210,951095735,2978966579
dimwishlist:item=480368036&perks=1441682018,3492396210,1119449540,2978966579
dimwishlist:item=480368036&perks=1441682018,3492396210,3828510309,2978966579
dimwishlist:item=480368036&perks=1441682018,106909392,1421772400,2978966579
dimwishlist:item=480368036&perks=1441682018,106909392,951095735,2978966579
dimwishlist:item=480368036&perks=1441682018,106909392,1119449540,2978966579
dimwishlist:item=480368036&perks=1441682018,106909392,3828510309,2978966579
dimwishlist:item=480368036&perks=1478423395,3492396210,1421772400,2978966579
dimwishlist:item=480368036&perks=1478423395,3492396210,951095735,2978966579
dimwishlist:item=480368036&perks=1478423395,3492396210,1119449540,2978966579
dimwishlist:item=480368036&perks=1478423395,3492396210,3828510309,2978966579
dimwishlist:item=480368036&perks=1478423395,106909392,1421772400,2978966579
dimwishlist:item=480368036&perks=1478423395,106909392,951095735,2978966579
dimwishlist:item=480368036&perks=1478423395,106909392,1119449540,2978966579
dimwishlist:item=480368036&perks=1478423395,106909392,3828510309,2978966579
dimwishlist:item=480368036&perks=1844523823,3492396210,1421772400,2978966579
dimwishlist:item=480368036&perks=1844523823,3492396210,951095735,2978966579
dimwishlist:item=480368036&perks=1844523823,3492396210,1119449540,2978966579
dimwishlist:item=480368036&perks=1844523823,3492396210,3828510309,2978966579
dimwishlist:item=480368036&perks=1844523823,106909392,1421772400,2978966579
dimwishlist:item=480368036&perks=1844523823,106909392,951095735,2978966579
dimwishlist:item=480368036&perks=1844523823,106909392,1119449540,2978966579
dimwishlist:item=480368036&perks=1844523823,106909392,3828510309,2978966579
dimwishlist:item=480368036&perks=3809316345,3492396210,1421772400,2978966579
dimwishlist:item=480368036&perks=3809316345,3492396210,951095735,2978966579
dimwishlist:item=480368036&perks=3809316345,3492396210,1119449540,2978966579
dimwishlist:item=480368036&perks=3809316345,3492396210,3828510309,2978966579
dimwishlist:item=480368036&perks=3809316345,106909392,1421772400,2978966579
dimwishlist:item=480368036&perks=3809316345,106909392,951095735,2978966579
dimwishlist:item=480368036&perks=3809316345,106909392,1119449540,2978966579
dimwishlist:item=480368036&perks=3809316345,106909392,3828510309,2978966579
dimwishlist:item=480368036&perks=981914802,3492396210,1421772400,2978966579
dimwishlist:item=480368036&perks=981914802,3492396210,951095735,2978966579
dimwishlist:item=480368036&perks=981914802,3492396210,1119449540,2978966579
dimwishlist:item=480368036&perks=981914802,3492396210,3828510309,2978966579
dimwishlist:item=480368036&perks=981914802,106909392,1421772400,2978966579
dimwishlist:item=480368036&perks=981914802,106909392,951095735,2978966579
dimwishlist:item=480368036&perks=981914802,106909392,1119449540,2978966579
dimwishlist:item=480368036&perks=981914802,106909392,3828510309,2978966579
dimwishlist:item=480368036&perks=3525010810,3492396210,1421772400,2978966579
dimwishlist:item=480368036&perks=3525010810,3492396210,951095735,2978966579
dimwishlist:item=480368036&perks=3525010810,3492396210,1119449540,2978966579
dimwishlist:item=480368036&perks=3525010810,3492396210,3828510309,2978966579
dimwishlist:item=480368036&perks=3525010810,106909392,1421772400,2978966579
dimwishlist:item=480368036&perks=3525010810,106909392,951095735,2978966579
dimwishlist:item=480368036&perks=3525010810,106909392,1119449540,2978966579
dimwishlist:item=480368036&perks=3525010810,106909392,3828510309,2978966579
dimwishlist:item=480368036&perks=3798852852,3492396210,1421772400,2978966579
dimwishlist:item=480368036&perks=3798852852,3492396210,951095735,2978966579
dimwishlist:item=480368036&perks=3798852852,3492396210,1119449540,2978966579
dimwishlist:item=480368036&perks=3798852852,3492396210,3828510309,2978966579
dimwishlist:item=480368036&perks=3798852852,106909392,1421772400,2978966579
dimwishlist:item=480368036&perks=3798852852,106909392,951095735,2978966579
dimwishlist:item=480368036&perks=3798852852,106909392,1119449540,2978966579
dimwishlist:item=480368036&perks=3798852852,106909392,3828510309,2978966579


